[     userId  movieId  rating
20        1      122     3.5
89        2      122     4.5
160       4      122     2.0
237       5      122     3.5
333       6      122     3.0,
      userId  movieId  rating
33        1      558     3.0
264       5      558     2.5
368       7      558     2.5
406       8      558     3.5
437       9      558     3.5,
      userId  movieId  rating
22        1      788     4.0
118       3      788     3.0
171       4      788     3.0
213       5      788     2.5
322       6      788     2.0]